# oST version 5.0 parameters


[image]

width
640

height
480

[narrow_stereo]

camera matrix
782.063681 0.000000 445.198357
0.000000 777.530039 216.421280
0.000000 0.000000 1.000000

distortion
-0.236864 0.026662 0.001547 -0.000429 0.000000

rectification
1.000000 0.000000 0.000000
0.000000 1.000000 0.000000
0.000000 0.000000 1.000000

projection
729.889711 0.000000 455.309981 0.000000
0.000000 758.696695 215.663313 0.000000
0.000000 0.000000 1.000000 0.000000
