# oST version 5.0 parameters


[image]

width
320

height
240

[narrow_stereo]

camera matrix
394.996949 0.000000 222.844288
0.000000 392.697983 106.235758
0.000000 0.000000 1.000000

distortion
-0.202570 -0.035819 0.000140 0.000339 0.000000

rectification
1.000000 0.000000 0.000000
0.000000 1.000000 0.000000
0.000000 0.000000 1.000000

projection
370.287333 0.000000 227.725753 0.000000
0.000000 384.429315 105.687015 0.000000
0.000000 0.000000 1.000000 0.000000
