# oST version 5.0 parameters


[image]

width
640

height
480

[camera]

camera matrix
517.549602 0.000000 309.447382
0.000000 515.409702 222.996122
0.000000 0.000000 1.000000

distortion
0.203193 -0.316440 -0.008248 -0.010208 0.000000

rectification
1.000000 0.000000 0.000000
0.000000 1.000000 0.000000
0.000000 0.000000 1.000000

projection
533.290283 0.000000 302.533809 0.000000
0.000000 534.161682 219.121432 0.000000
0.000000 0.000000 1.000000 0.000000
